4 0.699584 0.748441 0.099792 0.095634
4 0.428274 0.918919 0.151767 0.058212
4 0.767152 0.805613 0.043659 0.051975
4 0.673597 0.501040 0.060291 0.074844
4 0.694387 0.386694 0.122661 0.095634
4 0.276507 0.567568 0.068607 0.095634
4 0.427235 0.411642 0.070686 0.058212
4 0.844075 0.582121 0.039501 0.070686
4 0.581081 0.784823 0.083160 0.097713
4 0.393971 0.497921 0.124740 0.085239
1 0.925156 0.251559 0.139293 0.282744
0 0.213098 0.632017 0.228690 0.191268
0 0.176715 0.475052 0.135135 0.180873
0 0.274428 0.349272 0.114345 0.149688
0 0.378378 0.240125 0.114345 0.139293
0 0.478170 0.151767 0.114345 0.133056
0 0.570686 0.096674 0.087318 0.114345
3 0.307692 0.070686 0.130977 0.120582
3 0.154886 0.158004 0.124740 0.103950
0 0.350312 0.777547 0.195426 0.133056
0 0.467775 0.706861 0.106029 0.187110
0 0.530146 0.641372 0.114345 0.110187
4 0.380457 0.601871 0.135135 0.085239
5 0.525468 0.497921 0.949064 0.875260