3 0.837838 0.147609 0.101871 0.091476
3 0.135135 0.253638 0.089397 0.103950
3 0.936590 0.099792 0.083160 0.079002
3 0.700624 0.144491 0.118503 0.072765
4 0.572765 0.491684 0.103950 0.106029
4 0.720374 0.632017 0.079002 0.070686
4 0.954782 0.356549 0.090436 0.172557
4 0.491684 0.586279 0.079002 0.041580
0 0.428274 0.522869 0.214137 0.230769
1 0.323285 0.401247 0.112266 0.141372
1 0.241164 0.551975 0.114345 0.106029
1 0.126819 0.517672 0.068607 0.120582
4 0.067568 0.390852 0.054054 0.087318
4 0.709979 0.714137 0.041580 0.097713
4 0.637214 0.568607 0.033264 0.085239
5 0.568607 0.535343 0.694387 0.442827