4 0.559252 0.347193 0.081081 0.116424
4 0.494802 0.493763 0.101871 0.081081
4 0.380457 0.446985 0.097713 0.083160
4 0.302495 0.541580 0.112266 0.114345
4 0.887734 0.500000 0.072765 0.076923
4 0.671518 0.574844 0.064449 0.122661
4 0.740125 0.488565 0.047817 0.137214
4 0.769231 0.810811 0.076923 0.083160
4 0.742204 0.908524 0.064449 0.054054
4 0.225572 0.659044 0.066528 0.070686
4 0.647609 0.309771 0.079002 0.099792
4 0.579002 0.790021 0.045738 0.041580
4 0.099792 0.602911 0.027027 0.041580
4 0.477131 0.299376 0.054054 0.058212
0 0.162162 0.494802 0.193347 0.266112
0 0.256757 0.372141 0.133056 0.133056
0 0.310811 0.310811 0.103950 0.155925
0 0.381497 0.264033 0.099792 0.199584
1 0.841996 0.247401 0.309771 0.336798
0 0.568607 0.167360 0.278586 0.214137
5 0.512994 0.500000 0.974012 0.916840