4 0.522869 0.537422 0.103950 0.064449
4 0.559252 0.276507 0.114345 0.083160
4 0.756757 0.858628 0.110187 0.083160
4 0.283784 0.819127 0.103950 0.066528
4 0.434511 0.817048 0.093555 0.037422
4 0.667360 0.709979 0.043659 0.039501
4 0.688150 0.555094 0.035343 0.120582
4 0.648649 0.445946 0.056133 0.081081
4 0.703742 0.423077 0.037422 0.047817
4 0.452183 0.412682 0.029106 0.072765
4 0.054054 0.805613 0.081081 0.047817
4 0.246362 0.885655 0.045738 0.037422
4 0.200624 0.928274 0.066528 0.039501
4 0.741164 0.294179 0.062370 0.097713
4 0.573805 0.798337 0.051975 0.037422
4 0.306653 0.616424 0.041580 0.047817
4 0.449064 0.553015 0.031185 0.029106
4 0.474012 0.664241 0.018711 0.031185
4 0.589397 0.568607 0.029106 0.047817
4 0.644491 0.194387 0.068607 0.072765
4 0.762994 0.209979 0.064449 0.049896
0 0.466736 0.158004 0.145530 0.182952
0 0.220374 0.601871 0.218295 0.164241
0 0.259875 0.427235 0.106029 0.110187
0 0.324324 0.313929 0.118503 0.095634
0 0.406445 0.258836 0.091476 0.143451
1 0.916840 0.190229 0.147609 0.268191
1 0.767152 0.048857 0.201663 0.093555
1 0.844075 0.408524 0.114345 0.143451
1 0.600832 0.630977 0.064449 0.072765
4 0.474012 0.907484 0.097713 0.060291
0 0.365904 0.915800 0.114345 0.093555
0 0.419958 0.593555 0.197505 0.214137
0 0.727651 0.161123 0.201663 0.130977
4 0.181913 0.826403 0.083160 0.051975
5 0.519751 0.439709 0.941788 0.850312