4 0.643451 0.773389 0.145530 0.141372
4 0.857588 0.691268 0.087318 0.060291
4 0.865904 0.579002 0.045738 0.076923
4 0.677755 0.658004 0.135135 0.118503
4 0.726611 0.546778 0.062370 0.137214
4 0.652807 0.410603 0.097713 0.139293
4 0.735967 0.400208 0.118503 0.185031
4 0.261954 0.529106 0.101871 0.110187
4 0.311850 0.733888 0.089397 0.066528
4 0.156965 0.844075 0.074844 0.091476
4 0.330561 0.937630 0.081081 0.041580
4 0.964657 0.508316 0.064449 0.101871
4 0.637214 0.264033 0.091476 0.133056
4 0.248441 0.644491 0.062370 0.087318
0 0.418919 0.206861 0.141372 0.209979
0 0.297297 0.298337 0.143451 0.147609
0 0.223493 0.413721 0.087318 0.195426
0 0.178794 0.483368 0.147609 0.155925
0 0.154886 0.586279 0.162162 0.224532
0 0.436590 0.658004 0.180873 0.168399
0 0.512474 0.549896 0.141372 0.151767
0 0.591476 0.486486 0.112266 0.162162
0 0.536383 0.195426 0.172557 0.137214
1 0.901247 0.280665 0.182952 0.340956
5 0.514553 0.467775 0.960499 0.860707