5 0.457380 0.488565 0.180873 0.166320
5 0.670478 0.581081 0.054054 0.106029
5 0.693347 0.735967 0.049896 0.074844
5 0.769231 0.828482 0.085239 0.068607
5 0.395010 0.836798 0.151767 0.193347
5 0.513514 0.613306 0.072765 0.070686
5 0.396050 0.608108 0.054054 0.043659
5 0.503119 0.709979 0.097713 0.097713
5 0.216216 0.075884 0.085239 0.060291
5 0.115385 0.199584 0.024948 0.045738
5 0.891892 0.898129 0.039501 0.062370
5 0.788981 0.911642 0.062370 0.022869
5 0.566528 0.829522 0.108108 0.045738
5 0.661123 0.376299 0.056133 0.045738
5 0.537422 0.559252 0.740125 0.694387