1 0.651767 0.692308 0.074844 0.062370
1 0.417879 0.538462 0.064449 0.074844
1 0.438669 0.645530 0.089397 0.060291
1 0.897089 0.393971 0.045738 0.081081
1 0.857588 0.253638 0.083160 0.062370
1 0.676715 0.224532 0.045738 0.058212
1 0.587318 0.227651 0.049896 0.047817
4 0.134096 0.444906 0.054054 0.049896
4 0.110187 0.740125 0.214137 0.241164
4 0.344075 0.840956 0.170478 0.155925
4 0.250520 0.892931 0.128898 0.139293
4 0.958420 0.580042 0.064449 0.158004
4 0.905405 0.822245 0.045738 0.039501
4 0.978170 0.849272 0.037422 0.051975
4 0.812890 0.775468 0.093555 0.124740
4 0.354470 0.260915 0.108108 0.097713
4 0.408524 0.129938 0.120582 0.130977
3 0.319127 0.541580 0.091476 0.101871
3 0.176715 0.654886 0.047817 0.033264
3 0.073805 0.841996 0.045738 0.033264
5 0.618503 0.503119 0.748441 0.740125