4 0.079002 0.784823 0.155925 0.135135
4 0.639293 0.937630 0.116424 0.049896
4 0.370062 0.429314 0.106029 0.106029
4 0.321206 0.542620 0.062370 0.083160
4 0.275468 0.585239 0.074844 0.060291
4 0.496881 0.411642 0.097713 0.074844
4 0.425156 0.500000 0.087318 0.068607
4 0.571726 0.357588 0.051975 0.083160
4 0.836798 0.505198 0.037422 0.058212
4 0.764033 0.474012 0.033264 0.054054
4 0.805613 0.405405 0.062370 0.045738
4 0.966736 0.615385 0.060291 0.124740
4 0.750520 0.694387 0.072765 0.079002
4 0.495842 0.857588 0.049896 0.060291
4 0.444906 0.908524 0.076923 0.070686
4 0.679834 0.347193 0.056133 0.066528
1 0.882536 0.295218 0.220374 0.245322
1 0.560291 0.726611 0.087318 0.089397
1 0.564449 0.895010 0.303534 0.147609
1 0.739085 0.280665 0.137214 0.141372
0 0.163202 0.590437 0.203742 0.166320
0 0.220374 0.440748 0.189189 0.162162
0 0.318087 0.330561 0.130977 0.153846
0 0.460499 0.260915 0.166320 0.193347
1 0.463617 0.615385 0.072765 0.070686
5 0.511435 0.466736 0.950104 0.738046