4 0.358628 0.396050 0.103950 0.130977
4 0.513514 0.469854 0.106029 0.141372
4 0.820166 0.626819 0.357588 0.222453
1 0.805613 0.619543 0.378378 0.253638
1 0.880457 0.415800 0.232848 0.257796
4 0.882536 0.450104 0.182952 0.160083
4 0.390852 0.773389 0.101871 0.062370
1 0.591476 0.114345 0.507277 0.228690
1 0.064969 0.768191 0.129938 0.209979
1 0.443867 0.413721 0.457380 0.282744
4 0.497921 0.335759 0.170478 0.081081
4 0.561331 0.602911 0.039501 0.049896
4 0.234927 0.302495 0.035343 0.035343
5 0.501040 0.458420 0.700624 0.542620