4 0.185031 0.936590 0.089397 0.056133
4 0.664241 0.568607 0.091476 0.114345
4 0.565489 0.538462 0.031185 0.074844
4 0.451143 0.560291 0.085239 0.051975
4 0.462578 0.476091 0.103950 0.083160
4 0.968815 0.599792 0.056133 0.047817
4 0.077963 0.837838 0.054054 0.070686
4 0.068607 0.712058 0.072765 0.072765
4 0.788981 0.352391 0.066528 0.047817
4 0.629938 0.920998 0.056133 0.079002
0 0.504158 0.589397 0.490644 0.376299
1 0.540541 0.604990 0.675676 0.523909
1 0.914761 0.816008 0.164241 0.284823
1 0.916840 0.437630 0.118503 0.180873
1 0.134096 0.601871 0.128898 0.180873
5 0.513514 0.546778 0.958420 0.819127