4 0.527027 0.497921 0.295218 0.355509
4 0.559252 0.270270 0.230769 0.141372
4 0.395010 0.906445 0.193347 0.128898
4 0.601871 0.932432 0.174636 0.047817
4 0.217256 0.929314 0.108108 0.066528
1 0.759875 0.141372 0.224532 0.245322
1 0.563410 0.113306 0.218295 0.209979
1 0.792100 0.337838 0.126819 0.189189
1 0.687110 0.726611 0.108108 0.126819
1 0.497921 0.744283 0.124740 0.182952
1 0.380457 0.189189 0.180873 0.237006
0 0.382536 0.200624 0.139293 0.197505
0 0.220374 0.629938 0.247401 0.274428
1 0.136175 0.639293 0.162162 0.288981
4 0.188150 0.738046 0.054054 0.058212
4 0.323285 0.541580 0.070686 0.056133
4 0.329522 0.467775 0.066528 0.033264
4 0.300416 0.392931 0.049896 0.066528
4 0.465696 0.468815 0.101871 0.160083
4 0.588358 0.602911 0.072765 0.074844
4 0.614345 0.528067 0.074844 0.070686
5 0.510395 0.414761 0.939709 0.762994
0 0.234927 0.424116 0.110187 0.149688