0 0.465696 0.076923 0.101871 0.087318
0 0.372141 0.169439 0.089397 0.101871
0 0.281705 0.198545 0.099792 0.076923
0 0.169439 0.506237 0.070686 0.139293
0 0.235967 0.450104 0.087318 0.164241
0 0.085239 0.630977 0.068607 0.139293
0 0.174636 0.606029 0.076923 0.110187
0 0.273389 0.285863 0.133056 0.097713
1 0.249480 0.299376 0.264033 0.228690
1 0.920998 0.485447 0.101871 0.193347
1 0.856549 0.317048 0.093555 0.064449
1 0.960499 0.217256 0.056133 0.101871
1 0.808732 0.677755 0.093555 0.207900
1 0.595634 0.634096 0.145530 0.137214
0 0.557173 0.023909 0.130977 0.047817
0 0.882536 0.191268 0.087318 0.099792
0 0.899168 0.053015 0.091476 0.097713
4 0.481289 0.897089 0.195426 0.135135
4 0.690229 0.907484 0.051975 0.122661
4 0.776507 0.865904 0.045738 0.081081
4 0.870062 0.608108 0.054054 0.209979
4 0.702703 0.484407 0.043659 0.024948
4 0.314969 0.541580 0.158004 0.168399
4 0.200624 0.735967 0.153846 0.137214
4 0.254678 0.913721 0.128898 0.097713
5 0.546778 0.474012 0.904366 0.935551