4 0.407484 0.393971 0.043659 0.060291
4 0.472973 0.481289 0.079002 0.060291
4 0.366944 0.514553 0.029106 0.035343
4 0.935551 0.281705 0.118503 0.093555
4 0.279626 0.877339 0.087318 0.083160
4 0.218295 0.774428 0.106029 0.060291
4 0.062370 0.813929 0.089397 0.056133
4 0.134096 0.799376 0.066528 0.076923
4 0.012994 0.674636 0.025988 0.060291
4 0.140333 0.929314 0.103950 0.054054
4 0.190229 0.822245 0.054054 0.051975
4 0.788981 0.616424 0.029106 0.039501
1 0.926195 0.550936 0.128898 0.274428
1 0.843035 0.130977 0.149688 0.145530
1 0.606029 0.344075 0.191268 0.130977
1 0.764033 0.719335 0.461538 0.328482
4 0.822245 0.759875 0.066528 0.076923
4 0.567568 0.701663 0.035343 0.056133
5 0.496881 0.451143 0.654886 0.432432