4 0.053015 0.329522 0.045738 0.072765
4 0.606029 0.867983 0.203742 0.189189
4 0.838877 0.550936 0.149688 0.079002
4 0.917879 0.668399 0.137214 0.081081
4 0.888773 0.325364 0.162162 0.130977
4 0.369023 0.382536 0.062370 0.079002
4 0.169439 0.612266 0.170478 0.147609
4 0.929314 0.145530 0.089397 0.116424
4 0.914761 0.768191 0.130977 0.081081
4 0.279626 0.799376 0.153846 0.143451
4 0.257796 0.240125 0.135135 0.064449
4 0.259875 0.360707 0.089397 0.106029
1 0.541580 0.062370 0.266112 0.112266
1 0.779626 0.101871 0.114345 0.124740
1 0.636175 0.256757 0.155925 0.106029
5 0.509356 0.464657 0.767152 0.679834