3 0.271310 0.598753 0.133056 0.133056
3 0.044699 0.769231 0.066528 0.099792
1 0.865904 0.646570 0.112266 0.170478
1 0.968815 0.522869 0.043659 0.072765
3 0.254678 0.209979 0.041580 0.049896
3 0.410603 0.077963 0.070686 0.035343
0 0.356549 0.232848 0.112266 0.112266
0 0.484407 0.190229 0.214137 0.106029
0 0.644491 0.189189 0.160083 0.174636
0 0.790021 0.237006 0.172557 0.232848
0 0.900208 0.253638 0.143451 0.199584
4 0.597713 0.518711 0.079002 0.130977
4 0.610187 0.865904 0.149688 0.110187
4 0.620582 0.742204 0.108108 0.058212
4 0.106029 0.159044 0.126819 0.155925
4 0.022349 0.465696 0.044698 0.087318
4 0.115385 0.308732 0.066528 0.110187
4 0.019231 0.366944 0.038462 0.056133
3 0.062370 0.351351 0.097713 0.145530
5 0.597713 0.440748 0.802495 0.694387