4 0.646570 0.734927 0.097713 0.168399
4 0.268191 0.852391 0.160083 0.099792
4 0.089397 0.711019 0.060291 0.079002
4 0.373181 0.310811 0.099792 0.081081
4 0.665281 0.321206 0.101871 0.093555
4 0.834719 0.361746 0.058212 0.095634
4 0.412682 0.559252 0.058212 0.062370
4 0.497921 0.524948 0.083160 0.110187
4 0.705821 0.633056 0.074844 0.110187
4 0.816008 0.749480 0.070686 0.110187
4 0.959459 0.288981 0.049896 0.083160
4 0.496881 0.284823 0.085239 0.066528
0 0.424116 0.487526 0.106029 0.085239
1 0.553015 0.887734 0.097713 0.137214
5 0.593555 0.515593 0.810811 0.636175