5 0.651247 0.432432 0.697505 0.765073
3 0.080042 0.248441 0.103950 0.130977
3 0.704782 0.039501 0.060291 0.045738
3 0.208940 0.070686 0.062370 0.062370
3 0.127859 0.071726 0.041580 0.085239
3 0.071726 0.459459 0.066528 0.087318
3 0.186071 0.339917 0.037422 0.093555
3 0.224532 0.218295 0.064449 0.095634
1 0.327443 0.100832 0.120582 0.122661
1 0.662162 0.872141 0.083160 0.101871
1 0.955301 0.163202 0.070686 0.122661
0 0.690229 0.208940 0.168399 0.101871
0 0.542620 0.217256 0.051975 0.081081
0 0.475052 0.304574 0.091476 0.135135
3 0.420998 0.303534 0.108108 0.162162