4 0.048337 0.680873 0.096674 0.193347
4 0.411642 0.513514 0.089397 0.112266
4 0.444906 0.655925 0.068607 0.035343
4 0.602911 0.600832 0.085239 0.120582
4 0.683992 0.497921 0.172557 0.201663
4 0.931913 0.164241 0.136174 0.145530
4 0.901247 0.032225 0.099792 0.056133
4 0.703742 0.174636 0.079002 0.037422
4 0.646570 0.355509 0.101871 0.062370
4 0.524948 0.433472 0.058212 0.039501
4 0.513514 0.479210 0.081081 0.093555
4 0.507277 0.585239 0.072765 0.072765
4 0.358628 0.914761 0.178794 0.087318
4 0.329522 0.624740 0.062370 0.114345
5 0.602911 0.448025 0.771310 0.729730