1 0.225572 0.435551 0.091476 0.114345
1 0.049896 0.397089 0.060291 0.112266
1 0.734927 0.822245 0.083160 0.122661
1 0.485447 0.936590 0.099792 0.043659
0 0.906445 0.273389 0.076923 0.130977
0 0.396050 0.435551 0.074844 0.106029
0 0.908524 0.886694 0.056133 0.097713
0 0.583160 0.713098 0.079002 0.095634
0 0.951663 0.405405 0.096674 0.095634
4 0.827443 0.592516 0.072765 0.083160
4 0.444906 0.778586 0.130977 0.114345
4 0.286902 0.864865 0.110187 0.128898
4 0.159044 0.843035 0.124740 0.072765
4 0.424116 0.179834 0.072765 0.081081
4 0.719335 0.208940 0.093555 0.101871
5 0.600312 0.487526 0.799376 0.787942