4 0.035863 0.274428 0.071726 0.054054
4 0.362786 0.826403 0.058212 0.051975
4 0.535343 0.853430 0.058212 0.043659
4 0.563410 0.948025 0.051975 0.058212
4 0.747401 0.952183 0.062370 0.037422
4 0.423077 0.945946 0.091476 0.029106
4 0.689189 0.405405 0.037422 0.054054
4 0.618503 0.535343 0.058212 0.160083
4 0.338877 0.613306 0.064449 0.074844
4 0.481289 0.556133 0.158004 0.151767
2 0.693347 0.288981 0.074844 0.091476
2 0.855509 0.273389 0.087318 0.089397
2 0.168399 0.198545 0.060291 0.043659
4 0.043139 0.503119 0.086278 0.062370
4 0.020790 0.634096 0.039501 0.049896
4 0.174636 0.740125 0.085239 0.141372
4 0.769231 0.178794 0.164241 0.099792
4 0.351351 0.439709 0.081081 0.089397