4 0.676715 0.557173 0.087318 0.087318
4 0.087318 0.740125 0.139293 0.079002
4 0.422037 0.918919 0.097713 0.079002
4 0.073805 0.490644 0.066528 0.087318
1 0.826403 0.659044 0.124740 0.166320
1 0.950104 0.471933 0.064449 0.153846
1 0.449064 0.304574 0.072765 0.122661
0 0.547817 0.313929 0.054054 0.124740
0 0.643451 0.252599 0.054054 0.101871
0 0.953222 0.203742 0.074844 0.170478
0 0.924116 0.207900 0.124740 0.278586
0 0.769231 0.206861 0.218295 0.110187
4 0.530146 0.566528 0.143451 0.097713
4 0.583160 0.602911 0.286902 0.195426
1 0.569647 0.588358 0.313929 0.241164
5 0.633576 0.396050 0.732848 0.767152