4 0.207900 0.784823 0.043659 0.064449
1 0.600832 0.124740 0.172557 0.133056
1 0.140333 0.395010 0.087318 0.116424
1 0.309771 0.261954 0.122661 0.108108
1 0.576923 0.265073 0.108108 0.089397
1 0.518711 0.453222 0.216216 0.170478
4 0.548857 0.459459 0.031185 0.083160
4 0.875260 0.194387 0.143451 0.085239
4 0.759875 0.279626 0.058212 0.064449
3 0.320166 0.674636 0.135135 0.155925
0 0.341996 0.843035 0.128898 0.143451
0 0.477131 0.697505 0.079002 0.093555
0 0.541580 0.637214 0.112266 0.085239
0 0.820166 0.456341 0.087318 0.093555
0 0.945946 0.400208 0.068607 0.072765
0 0.895010 0.727651 0.153846 0.128898
0 0.871102 0.846154 0.031185 0.029106
0 0.951143 0.912682 0.054054 0.079002
5 0.502079 0.438669 0.557173 0.557173