4 0.163202 0.592516 0.058212 0.058212
4 0.451143 0.218295 0.147609 0.133056
4 0.190229 0.693347 0.070686 0.072765
4 0.249480 0.667360 0.051975 0.070686
4 0.959459 0.199584 0.070686 0.049896
4 0.677755 0.224532 0.043659 0.020790
4 0.746362 0.264033 0.027027 0.029106
4 0.661123 0.162162 0.043659 0.049896
4 0.270270 0.299376 0.101871 0.195426
4 0.254678 0.573805 0.191268 0.207900
4 0.518711 0.589397 0.062370 0.051975
4 0.536383 0.676715 0.085239 0.064449
3 0.854470 0.283784 0.056133 0.064449
1 0.731809 0.793139 0.114345 0.126819
1 0.723493 0.622661 0.060291 0.101871
1 0.718295 0.513514 0.066528 0.062370
5 0.553015 0.557173 0.841996 0.781705