4 0.335759 0.268191 0.145530 0.374220
4 0.133056 0.796258 0.101871 0.079002
4 0.413721 0.899168 0.106029 0.135135
4 0.481289 0.607069 0.108108 0.158004
4 0.682952 0.245322 0.187110 0.158004
4 0.638254 0.096674 0.068607 0.126819
4 0.714137 0.498960 0.079002 0.112266
4 0.700624 0.398129 0.081081 0.081081
3 0.088358 0.663202 0.116424 0.070686
3 0.044699 0.424116 0.041580 0.149688
3 0.044699 0.172557 0.020790 0.058212
1 0.678794 0.844075 0.195426 0.195426
1 0.892931 0.516632 0.070686 0.147609
1 0.900208 0.888773 0.139293 0.143451
5 0.556133 0.524948 0.877339 0.762994