2 0.595634 0.845114 0.033264 0.072765
2 0.593555 0.931393 0.033264 0.029106
2 0.335759 0.725572 0.045738 0.058212
4 0.247401 0.353430 0.068607 0.074844
4 0.154886 0.730769 0.074844 0.072765
4 0.030146 0.752599 0.054054 0.079002
4 0.058212 0.820166 0.064449 0.051975
4 0.112266 0.880457 0.064449 0.068607
4 0.483368 0.474012 0.054054 0.054054
4 0.505198 0.599792 0.072765 0.056133
4 0.528067 0.458420 0.155925 0.093555
4 0.727651 0.844075 0.126819 0.149688
4 0.448025 0.372141 0.074844 0.037422
4 0.356549 0.619543 0.045738 0.029106
4 0.608108 0.617464 0.020790 0.024948
4 0.391892 0.465696 0.029106 0.033264
5 0.600832 0.491684 0.792100 0.604990