4 0.427235 0.454262 0.162162 0.118503
4 0.500000 0.584200 0.087318 0.070686
4 0.666320 0.467775 0.191268 0.203742
4 0.858628 0.573805 0.051975 0.079002
4 0.265073 0.839917 0.058212 0.079002
4 0.364865 0.917879 0.095634 0.064449
4 0.513514 0.756757 0.076923 0.070686
4 0.643451 0.726611 0.045738 0.031185
4 0.699584 0.319127 0.045738 0.051975
4 0.146570 0.938669 0.108108 0.047817
4 0.723493 0.716216 0.039501 0.047817
4 0.327443 0.591476 0.062370 0.056133
4 0.229730 0.653846 0.041580 0.031185
1 0.360707 0.569647 0.436590 0.390852
1 0.843035 0.464657 0.295218 0.559252
4 0.908524 0.300416 0.031185 0.064449
0 0.381497 0.864865 0.128898 0.158004
5 0.541580 0.517672 0.656965 0.507277