4 0.487526 0.635135 0.249480 0.135135
1 0.439709 0.601871 0.108108 0.056133
4 0.860707 0.382536 0.106029 0.079002
4 0.778586 0.508316 0.108108 0.064449
4 0.597713 0.404366 0.128898 0.130977
4 0.206861 0.433472 0.083160 0.076923
4 0.439709 0.776507 0.045738 0.068607
4 0.258836 0.745322 0.091476 0.047817
4 0.672557 0.343035 0.133056 0.074844
1 0.884615 0.239085 0.153846 0.149688
1 0.951143 0.521830 0.062370 0.195426
1 0.186071 0.617464 0.282744 0.199584
1 0.417879 0.491684 0.155925 0.180873
1 0.709979 0.102911 0.237006 0.147609
5 0.624740 0.348233 0.735967 0.596674