4 0.873181 0.581081 0.180873 0.214137
4 0.393971 0.366944 0.083160 0.064449
4 0.645530 0.628898 0.108108 0.122661
4 0.929314 0.852391 0.110187 0.174636
4 0.213098 0.476091 0.112266 0.112266
4 0.770270 0.343035 0.074844 0.074844
4 0.749480 0.482328 0.054054 0.087318
4 0.650728 0.469854 0.047817 0.103950
1 0.761954 0.162162 0.220374 0.187110
1 0.908524 0.115385 0.151767 0.176715
1 0.455301 0.238046 0.226611 0.135135
1 0.498960 0.792100 0.122661 0.099792
1 0.837838 0.804574 0.056133 0.137214
5 0.537422 0.438669 0.902287 0.748441