4 0.602911 0.325364 0.201663 0.185031
4 0.887734 0.414761 0.143451 0.068607
4 0.774428 0.318087 0.133056 0.070686
4 0.395010 0.751559 0.193347 0.293139
4 0.119543 0.882536 0.062370 0.147609
4 0.164241 0.463617 0.051975 0.049896
1 0.274428 0.664241 0.130977 0.247401
1 0.505198 0.522869 0.230769 0.189189
4 0.520790 0.494802 0.112266 0.049896
1 0.854470 0.542620 0.155925 0.153846
0 0.667360 0.173597 0.160083 0.101871
0 0.777547 0.133056 0.089397 0.124740
0 0.880457 0.128898 0.141372 0.166320
0 0.961538 0.128898 0.058212 0.170478
1 0.558212 0.180873 0.116424 0.108108
5 0.667879 0.272349 0.664241 0.532225