4 0.853430 0.794179 0.095634 0.079002
4 0.737006 0.680873 0.062370 0.085239
4 0.400208 0.877339 0.212058 0.158004
4 0.124740 0.759875 0.101871 0.085239
4 0.034304 0.737006 0.066528 0.085239
4 0.211019 0.861746 0.074844 0.056133
4 0.821206 0.863825 0.039501 0.056133
4 0.651767 0.667360 0.054054 0.091476
4 0.587318 0.555094 0.037422 0.049896
4 0.665281 0.564449 0.081081 0.089397
4 0.489605 0.497921 0.133056 0.110187
2 0.206861 0.459459 0.070686 0.037422
2 0.837838 0.425156 0.060291 0.068607
2 0.253638 0.685031 0.051975 0.039501
5 0.597193 0.545738 0.805613 0.567568