4 0.175676 0.828482 0.099792 0.122661
4 0.907484 0.880457 0.133056 0.101871
4 0.330561 0.870062 0.060291 0.106029
4 0.253638 0.401247 0.139293 0.124740
4 0.063410 0.341996 0.095634 0.106029
4 0.494802 0.601871 0.151767 0.081081
4 0.427235 0.543659 0.133056 0.126819
4 0.537422 0.490644 0.108108 0.095634
4 0.411642 0.430353 0.056133 0.070686
4 0.695426 0.470894 0.058212 0.047817
4 0.351351 0.377339 0.027027 0.089397
4 0.265073 0.035343 0.087318 0.066528
1 0.358628 0.137214 0.099792 0.054054
1 0.606029 0.766112 0.062370 0.085239
1 0.490644 0.920998 0.051975 0.024948
1 0.779626 0.191268 0.039501 0.070686
5 0.571726 0.483368 0.846154 0.742204