4 0.850312 0.127859 0.093555 0.093555
4 0.439709 0.438669 0.141372 0.153846
4 0.705821 0.572765 0.087318 0.106029
4 0.729730 0.713098 0.056133 0.079002
4 0.630977 0.637214 0.079002 0.093555
4 0.050936 0.504158 0.087318 0.072765
4 0.591476 0.521830 0.037422 0.066528
2 0.588358 0.737006 0.068607 0.064449
2 0.861746 0.461538 0.091476 0.083160
2 0.960499 0.622661 0.060291 0.118503
2 0.843035 0.869023 0.054054 0.066528
2 0.437630 0.220374 0.058212 0.054054
2 0.460499 0.130977 0.066528 0.058212
2 0.594595 0.070686 0.097713 0.128898
2 0.713098 0.094595 0.064449 0.081081
5 0.712058 0.326403 0.070686 0.070686
2 0.587838 0.411642 0.824324 0.798337