4 0.402287 0.676715 0.191268 0.093555
4 0.544699 0.831601 0.106029 0.074844
4 0.640333 0.909563 0.118503 0.097713
4 0.449064 0.932432 0.193347 0.060291
4 0.173597 0.205821 0.099792 0.108108
4 0.245322 0.062370 0.151767 0.091476
1 0.580042 0.090437 0.135135 0.118503
1 0.730769 0.658004 0.070686 0.126819
1 0.954262 0.411642 0.081081 0.120582
1 0.899168 0.199584 0.079002 0.079002
1 0.715177 0.221414 0.081081 0.072765
1 0.778586 0.353430 0.041580 0.112266
4 0.314969 0.522869 0.149688 0.185031
5 0.492723 0.491684 0.621622 0.559252