4 0.528067 0.533264 0.139293 0.093555
0 0.528067 0.514553 0.180873 0.172557
1 0.388773 0.544699 0.160083 0.199584
4 0.731809 0.539501 0.176715 0.155925
4 0.822245 0.420998 0.066528 0.068607
4 0.319127 0.034304 0.116424 0.064449
4 0.189189 0.871102 0.047817 0.058212
4 0.776507 0.373181 0.045738 0.043659
4 0.749480 0.459459 0.054054 0.058212
4 0.693347 0.690229 0.033264 0.062370
4 0.611227 0.622661 0.068607 0.043659
1 0.911123 0.484407 0.177754 0.336798
1 0.354470 0.556133 0.145530 0.155925
1 0.606029 0.832640 0.112266 0.126819
1 0.906445 0.733888 0.147609 0.158004
1 0.430353 0.896050 0.318087 0.137214
4 0.324324 0.870062 0.143451 0.056133
5 0.570166 0.523909 0.859667 0.623701