4 0.338877 0.541580 0.130977 0.126819
4 0.481289 0.619543 0.054054 0.066528
4 0.761954 0.563410 0.058212 0.058212
4 0.963617 0.486486 0.058212 0.087318
4 0.474012 0.709979 0.064449 0.039501
4 0.437630 0.450104 0.074844 0.085239
4 0.162162 0.617464 0.039501 0.041580
4 0.099792 0.801455 0.064449 0.047817
4 0.500000 0.389813 0.120582 0.081081
4 0.048337 0.643451 0.096674 0.122661
5 0.488565 0.492723 0.625780 0.419958
1 0.630457 0.598753 0.739085 0.582121
4 0.670478 0.746362 0.091476 0.095634
1 0.149688 0.791060 0.284823 0.135135