4 0.417879 0.612266 0.135135 0.114345
4 0.441788 0.458420 0.083160 0.081081
4 0.515593 0.540541 0.101871 0.103950
4 0.939709 0.481289 0.027027 0.051975
4 0.174636 0.922037 0.064449 0.060291
4 0.030146 0.847193 0.041580 0.031185
4 0.320166 0.615385 0.022869 0.037422
0 0.326403 0.460499 0.097713 0.197505
0 0.396050 0.369023 0.116424 0.072765
0 0.530146 0.371102 0.164241 0.122661
0 0.547817 0.672557 0.158004 0.101871
0 0.654886 0.522869 0.085239 0.209979
0 0.884615 0.362786 0.220374 0.168399
5 0.519751 0.502079 0.937630 0.771310