4 0.712058 0.597713 0.054054 0.089397
4 0.292100 0.498960 0.037422 0.054054
4 0.449064 0.450104 0.051975 0.060291
4 0.708940 0.418919 0.027027 0.043659
4 0.731809 0.912682 0.139293 0.087318
4 0.121622 0.827443 0.091476 0.058212
4 0.564449 0.239085 0.087318 0.091476
4 0.654886 0.404366 0.047817 0.064449
4 0.655925 0.490644 0.049896 0.058212
4 0.483368 0.919958 0.062370 0.043659
4 0.430353 0.516632 0.039501 0.039501
4 0.548857 0.413721 0.097713 0.103950
4 0.781705 0.580042 0.035343 0.070686
4 0.343035 0.803534 0.068607 0.081081
0 0.680873 0.399168 0.120582 0.182952
4 0.221414 0.848233 0.108108 0.091476
0 0.795218 0.118503 0.162162 0.170478
4 0.788981 0.161123 0.095634 0.085239
4 0.395010 0.331601 0.056133 0.027027
1 0.512474 0.676715 0.108108 0.101871
1 0.902287 0.496881 0.114345 0.178794
1 0.952183 0.141372 0.089397 0.203742
4 0.606029 0.132017 0.170478 0.114345
1 0.819127 0.366944 0.106029 0.176715
0 0.248441 0.511435 0.166320 0.316008
0 0.379418 0.922037 0.112266 0.072765
0 0.287942 0.309771 0.120582 0.128898
0 0.376299 0.214137 0.043659 0.087318
0 0.414761 0.143451 0.054054 0.095634
0 0.455301 0.079002 0.039501 0.070686
0 0.483368 0.044699 0.033264 0.072765
0 0.525988 0.027027 0.068607 0.054054
0 0.662162 0.084200 0.145530 0.151767
0 0.440748 0.399168 0.072765 0.058212
0 0.506237 0.257796 0.054054 0.054054
4 0.543659 0.502079 0.045738 0.035343
4 0.661123 0.267152 0.056133 0.060291
5 0.558212 0.484407 0.881497 0.935551