4 0.331601 0.466736 0.178794 0.151767
4 0.458420 0.215177 0.112266 0.147609
4 0.635135 0.138254 0.070686 0.193347
4 0.575884 0.636175 0.072765 0.195426
4 0.050936 0.216216 0.083160 0.149688
4 0.185031 0.467775 0.114345 0.128898
4 0.305613 0.259875 0.060291 0.066528
4 0.472973 0.456341 0.049896 0.068607
4 0.446985 0.845114 0.031185 0.022869
3 0.440748 0.747401 0.110187 0.068607
1 0.732848 0.869023 0.120582 0.141372
1 0.860707 0.050936 0.068607 0.081081
1 0.214137 0.329522 0.035343 0.039501
1 0.373181 0.333680 0.049896 0.031185
4 0.192308 0.260915 0.079002 0.064449
5 0.597713 0.480249 0.760915 0.656965