4 0.728690 0.307692 0.261954 0.207900
4 0.437630 0.630977 0.062370 0.081081
4 0.344075 0.727651 0.083160 0.062370
4 0.172557 0.839917 0.081081 0.087318
4 0.143451 0.483368 0.122661 0.068607
4 0.044179 0.527027 0.088358 0.085239
1 0.491684 0.586279 0.307692 0.270270
1 0.288981 0.800416 0.376299 0.291060
0 0.719335 0.181913 0.068607 0.101871
0 0.799376 0.171518 0.074844 0.126819
0 0.877339 0.138254 0.072765 0.168399
0 0.906445 0.281705 0.130977 0.185031
1 0.860707 0.444906 0.230769 0.178794
1 0.741164 0.084200 0.270270 0.160083
4 0.721414 0.024948 0.189189 0.049896