4 0.654886 0.408524 0.106029 0.068607
4 0.734927 0.460499 0.070686 0.089397
4 0.673597 0.496881 0.097713 0.087318
4 0.542620 0.375260 0.068607 0.060291
4 0.873181 0.892931 0.135135 0.130977
0 0.942827 0.341996 0.074844 0.089397
0 0.545738 0.619543 0.045738 0.062370
2 0.943867 0.616424 0.068607 0.089397
2 0.719335 0.034304 0.060291 0.043659
2 0.347193 0.511435 0.072765 0.049896
2 0.956341 0.730769 0.072765 0.093555
4 0.208940 0.176715 0.108108 0.108108
4 0.194387 0.040541 0.058212 0.056133
4 0.163202 0.072765 0.054054 0.037422
5 0.615385 0.467775 0.754678 0.744283