4 0.031705 0.344075 0.063410 0.110187
4 0.687110 0.837838 0.029106 0.045738
4 0.782744 0.847193 0.066528 0.047817
4 0.384615 0.858628 0.168399 0.203742
4 0.139293 0.354470 0.072765 0.076923
4 0.463617 0.224532 0.122661 0.070686
4 0.643451 0.760915 0.112266 0.083160
4 0.212058 0.646570 0.106029 0.112266
4 0.434511 0.308732 0.093555 0.060291
1 0.117464 0.485447 0.095634 0.081081
1 0.719335 0.149688 0.081081 0.074844
1 0.604990 0.169439 0.056133 0.060291
1 0.784823 0.624740 0.054054 0.051975
1 0.919958 0.340956 0.108108 0.074844
4 0.081601 0.095634 0.163202 0.191268
4 0.502079 0.663202 0.074844 0.058212
4 0.403326 0.629938 0.060291 0.083160
4 0.461538 0.398129 0.081081 0.076923
5 0.602911 0.528067 0.779626 0.719335