0 0.478170 0.423077 0.039501 0.039501
0 0.493763 0.502079 0.054054 0.051975
0 0.929314 0.323285 0.043659 0.047817
2 0.426195 0.908524 0.068607 0.070686
2 0.878378 0.099792 0.087318 0.070686
2 0.365904 0.059252 0.076923 0.081081
2 0.217256 0.714137 0.087318 0.060291
2 0.988046 0.658004 0.023908 0.056133
2 0.489605 0.761954 0.099792 0.064449
4 0.679834 0.440748 0.097713 0.091476
4 0.787942 0.534304 0.064449 0.066528
4 0.786902 0.460499 0.033264 0.027027
4 0.556133 0.273389 0.037422 0.051975
4 0.688150 0.522869 0.101871 0.089397
4 0.279626 0.192308 0.066528 0.081081
4 0.156965 0.101871 0.074844 0.049896
4 0.160083 0.039501 0.155925 0.079002
4 0.762994 0.742204 0.047817 0.037422
5 0.581081 0.470894 0.752599 0.654886