1 0.624740 0.298337 0.062370 0.072765
1 0.759875 0.282744 0.037422 0.070686
1 0.975052 0.340956 0.047817 0.062370
1 0.799376 0.638254 0.079002 0.066528
1 0.429314 0.728690 0.066528 0.089397
3 0.740125 0.061331 0.068607 0.056133
3 0.021830 0.268191 0.041580 0.070686
3 0.061331 0.174636 0.054054 0.045738
3 0.574844 0.033264 0.070686 0.041580
3 0.441788 0.829522 0.087318 0.041580
4 0.627859 0.768191 0.122661 0.172557
4 0.402287 0.335759 0.174636 0.081081
4 0.310811 0.586279 0.037422 0.066528
4 0.333680 0.468815 0.041580 0.051975
4 0.434511 0.597713 0.106029 0.085239
4 0.130977 0.288981 0.064449 0.079002
5 0.560291 0.554054 0.860707 0.671518