4 0.512474 0.419958 0.108108 0.116424
4 0.644491 0.694387 0.126819 0.079002
4 0.023909 0.435551 0.008316 0.002079
4 0.067568 0.418919 0.033264 0.035343
4 0.108108 0.722453 0.056133 0.060291
4 0.358628 0.445946 0.103950 0.093555
0 0.360707 0.360707 0.112266 0.085239
0 0.601871 0.272349 0.153846 0.083160
0 0.748441 0.259875 0.164241 0.108108
0 0.748441 0.860707 0.101871 0.070686
1 0.340956 0.924116 0.089397 0.101871
1 0.933472 0.628898 0.076923 0.122661
1 0.929314 0.085239 0.135135 0.141372
5 0.599792 0.494802 0.790021 0.819127