3 0.259875 0.375260 0.110187 0.085239
3 0.141372 0.490644 0.114345 0.108108
3 0.251559 0.066528 0.193347 0.095634
0 0.718295 0.211019 0.274428 0.122661
1 0.347193 0.492723 0.085239 0.087318
1 0.582121 0.902287 0.176715 0.103950
1 0.914761 0.741164 0.110187 0.147609
1 0.901247 0.909563 0.124740 0.068607
1 0.094595 0.766112 0.058212 0.180873
4 0.266112 0.875260 0.122661 0.120582
4 0.393971 0.761954 0.216216 0.135135
4 0.632017 0.670478 0.081081 0.097713
4 0.469854 0.038462 0.106029 0.072765
5 0.565489 0.495842 0.862786 0.916840